62 76
121 71
71 29
85 93
80 8
113 67
91 92
130 90
74 67
80 68
81 27
80 75
59 12
93 90
42 0
120 64
76 65
107 94
78 98
85 92
85 48
111 102
75 59
124 64
51 48
117 60
31 42
90 64
40 80
121 92
63 15
92 98
65 77
128 99
76 100
84 84
49 11
87 62
100 94
110 109
41 60
89 92
65 62
86 62
65 80
115 72
80 99
81 101
58 69
89 72
77 47
87 85
68 22
122 63
75 14
105 82
47 35
102 106
57 65
99 106
40 34
95 91
61 1
125 71
90 46
113 85
55 51
93 96
97 1
109 85
63 65
81 69
70 17
90 69
98 25
83 90
58 92
118 70
45 13
97 91
75 69
129 98
34 27
118 94
42 10
113 108
70 81
94 66
44 78
95 63
85 88
112 95
72 30
127 105
57 71
94 63
86 84
124 75
63 94
110 89
70 94
121 81
34 92
130 94
53 68
87 75
71 60
90 76
74 98
120 97
78 76
92 82
69 33
90 107
77 71
96 60
47 31
97 93
51 99
110 65
77 55
90 92
36 19
83 68
50 49
103 103
75 73
129 73
46 37
87 88
73 76
117 84
55 49
109 66
94 29
87 70
63 85
86 91
90 85
90 64
64 19
128 68
83 0
113 86
63 55
114 60
39 94
94 66
50 72
101 71
53 1
91 89
81 46
117 92
92 50
87 63
79 45
86 80
49 71
97 77
65 57
88 105
33 57
130 82
78 88
124 106
71 14
101 70
34 3
90 68
69 96
130 100
40 47
88 63
91 94
110 74
61 5
93 82
55 30
81 74
40 50
93 91
82 56
92 87
53 37
114 83
81 88
108 101
42 27
88 68
40 66
113 110
37 84
116 85
32 16
104 110
89 51
113 93
69 76
84 104
84 34
115 79
57 20
87 73
65 4
110 106
49 76
119 61
85 84
120 93
31 8
89 86
96 72
117 66
94 59
109 104
41 0
99 102
81 25
93 65
67 11
108 66
70 45
112 97
52 21
83 96
80 13
110 66
80 91
84 107
57 93
84 100
37 15
99 105
57 49
100 60
55 54
96 75
49 94
110 67
89 45
94 83
64 40
85 74
53 87
116 89
93 63
126 71
52 31
84 90
79 47
102 106
32 5
87 79
64 12
87 96
85 48
116 82
75 5
120 65
47 74
99 87
51 60
121 67
95 4
86 74
77 74
91 92
42 7
108 72
66 4
93 100
100 41
89 77
83 100
128 83
63 55
111 99
55 33
80 105
87 5
81 65
75 57
115 71
43 87
113 86
93 63
95 83
82 95
116 71
60 57
85 85
37 35
101 73
76 58
105 61
77 72
105 79
39 30
89 76
44 57
125 105
43 19
110 82
45 95
91 75
62 81
81 94
37 80
125 101
47 40
110 97
97 65
105 70
91 65
124 95
47 53
111 76
72 99
110 60
52 88
126 61
72 31
83 100
51 76
107 68
75 46
91 73
47 30
93 65
94 93
110 82
58 56
116 61
41 47
110 92
59 62
87 70
53 83
125 106
90 27
96 85
56 24
84 94
39 44
96 83
40 93
100 78
32 38
101 99
95 85
103 100
47 17
126 106
35 93
85 93
47 74
129 72
40 21
100 86
66 48
127 98
82 77
87 67
52 13
117 104
92 70
96 108
73 36
120 104
31 76
123 63
32 61
92 76
62 78
95 90
64 5
128 104
98 84
98 99
59 27
99 85
79 44
99 80
32 91
122 78
91 89
119 100
39 18
85 110
59 100
86 107
92 30
110 69
41 27
118 69
87 30
128 73